41	94
1 2
1 3
2 3
2 4
3 4
3 5
4 5
4 7
5 6
5 7 
5 8
5 9
6 9 
6 10
7  8
7 15 
7 16
7 17
7 18
8 9
8 18
8 19
8 20
9 10
9 11
9 20
10 11
10 12
11 12 
11 21
11 22
12 13
12 14
12 22 
12 23
13 14
13 24
14 23 
14 24
15 16
15 26
15 34
16 17
16 26
17 18
17 26
17 27
18 19
18 27
19 20
19 27
19 28
19 29
19 30
20 21
20 30 
20 31
21 22
21 25
21 31
21 32
22 23
22 24
22 25
23 24
25 32
26 27
26 34
26 35
27 28
27 35
27 36
28 29
28 36
28 37 
28 38
29 30 
29 38 
29 39
30 31
30 32
30 39
31 32
33 34
33 40
34 35
34 36
34 40
35 36
36 37
36 40
37 38
38 39
40 0
