48 113
0 1
0 2
1 2
1 3
2 3
2 4
2 5
2 6
3 5
3 6
3 7
4 5
4 39
5 6
5 39
5 38
5 33
5 26
6 26
6 25
6 8
6 7
7 8
8 25
8 24
8 9
9 24
9 11
11 24
11 13
11 12
12 13
13 14
13 15
13 16
14 24
14 22
14 15
15 16
15 22
15 20
15 18
16 18
16 17
17 18
17 19
18 19
18 20
19 20
20 22
20 23
20 21
21 23
21 28
21 29
22 23
22 25
22 24
23 28
23 27
23 25
24 25
25 26
25 27
26 33
26 32
26 27
27 32
27 28
28 32
28 31
28 29
29 31
29 30
30 31
30 36
30 45
31 32
31 34
31 35
31 36
32 33
32 34
33 39
33 38
33 34
34 35
34 37
34 41
34 40
34 38
35 37
35 36
36 45
36 44
36 43
36 37
37 41
37 43
38 39
38 40
39 42
39 40
40 42
40 41
41 42
43 44
44 47
44 46
44 45
45 47
45 46
46 47
